1.7712 313990
1.78626 303350
1.80157 292983
1.81715 282886
1.833 273052
1.84913 263478
1.86555 254158
1.88226 245088
1.89927 236263
1.91659 227678
1.93423 219330
1.9522 211213
1.97051 203322
1.98916 195655
2.00817 188206
2.02754 180971
2.0473 173946
2.06744 167126
2.08798 160509
2.10893 154089
2.13031 147863
2.15213 141826
2.1744 135975
2.19713 130306
2.22035 124816
2.24406 119499
2.26828 114353
2.29303 109374
2.31833 104559
2.34419 99902.6
2.37063 95402.6
2.39768 91055.2
2.42536 86856.9
2.45367 82804.2
2.48266 78893.7
2.51234 75122.2
2.54274 71486.3
2.57389 67982.7
2.6058 64608.2
2.63852 61359.5
2.67207 58233.7
2.70649 55227.5
2.7418 52337.8
2.77805 49561.7
2.81526 46896.2
2.85349 44338.3
2.89277 41885.1
2.93315 39533.7
2.97467 37281.4
3.01738 35125.2
3.06134 33062.6
3.10659 31090.7
3.15321 29206.9
3.20124 27408.7
3.25077 25693.2
3.30184 24058.2
3.35455 22500.9
3.40897 21019
3.46518 19610
3.52328 18271.6
3.58336 17001.4
3.64552 15797
3.70988 14656.2
3.77655 13576.8
3.84566 12556.5
3.91735 11593.3
3.99176 10685
4.06906 9829.45
4.1494 9024.73
4.23299 8268.8
4.32001 7559.7
4.41068 6895.51
4.50524 6274.36
4.60394 5694.4
4.70707 5153.83
4.81492 4650.9
4.92783 4183.87
5.04616 3751.07
5.17032 3350.86
5.30073 2981.63
5.4379 2641.81
5.58236 2329.89
5.7347 2044.38
5.89559 1783.84
6.06576 1546.86
6.24605 1332.08
6.43739 1138.19
6.64082 963.895
6.85753 807.972
7.08886 669.226
7.33634 546.516
7.60173 438.747
7.88704 344.882
8.19459 263.945
8.52711 195.033
8.88776 137.334
9.28025 90.1576
9.70902 52.9867
10.1793 25.5563
10.6975 7.96269
