7.74901 0.000238409
7.79551 0.000322081
7.84200 0.000429707
7.88849 0.000566384
7.93499 0.000737801
7.98148 0.00095019
8.02798 0.00121025
8.07447 0.00152501
8.12096 0.00190171
8.16746 0.00234761
8.21395 0.00286978
8.26045 0.00347484
8.30694 0.00416879
8.35343 0.00495668
8.39993 0.0058424
8.44642 0.00682847
8.49292 0.00791578
8.53941 0.00910346
8.58591 0.0103887
8.63240 0.0117668
8.67889 0.0132309
8.72539 0.0147724
8.77188 0.0163804
8.81838 0.0180427
8.86487 0.0197453
8.91136 0.0214731
8.95786 0.0232096
9.00435 0.0249382
9.05085 0.0266413
9.09734 0.0283018
9.14383 0.0299026
9.19033 0.0314274
9.23682 0.0328608
9.28332 0.0341885
9.32981 0.0353979
9.37630 0.0364779
9.42280 0.0374193
9.46929 0.0382148
9.51579 0.038859
9.56228 0.0393486
9.60877 0.0396822
9.65527 0.0398606
9.70176 0.0398859
9.74826 0.0397623
9.79475 0.0394953
9.84125 0.0390919
9.88774 0.0385602
9.93423 0.0379091
9.98073 0.0371486
10.0272 0.036289
10.0737 0.0353412
10.1202 0.034316
10.1667 0.0332247
10.2132 0.032078
10.2597 0.0308868
10.3062 0.0296612
10.3527 0.0284112
10.3992 0.0271461
10.4457 0.0258745
10.4922 0.0246045
10.5387 0.0233434
10.5852 0.0220979
10.6316 0.0208737
10.6781 0.0196762
10.7246 0.0185096
10.7711 0.017378
10.8176 0.0162842
10.8641 0.015231
10.9106 0.0142202
10.9571 0.0132532
11.0036 0.012331
11.0501 0.011454
11.0966 0.0106224
11.1431 0.0098359
11.1896 0.0090939
11.2361 0.00839559
11.2826 0.00773992
11.3291 0.00712565
11.3755 0.0065514
11.4220 0.00601564
11.4685 0.00551678
11.5150 0.00505315
11.5615 0.00462305
11.6080 0.00422473
