1.000000000 33.00000000
2.085502847 33.00330033
2.118641760 33.03710066
2.160443627 34.81530481
2.197595931 33.11477581
2.255791884 33.16749585
2.294613947 32.65732667
2.363588977 32.71394923
2.406245138 32.74715918
2.476192309 32.79979008
2.563118369 31.81066293
2.651773215 31.86540055
2.734531100 30.44881554
2.799428911 29.57529871
2.856798250 29.16727432
2.967378298 29.2132862
3.071393922 28.41877913
3.176369587 27.66328253
3.281732632 26.23501325
3.368201939 23.75071252
3.439953693 21.45876698
3.478949307 20.36659878
3.514789142 18.47984773
3.551375102 17.05786026
3.592921824 15.47029703
3.614035527 14.25293254
3.635409505 13.39100392
3.665752684 12.16471018
3.696595627 11.14417216
3.736973539 9.542257889
3.759773991 8.745998706
3.787442020 7.66812361
3.815567253 6.945891505
3.834447846 6.209251785
3.848683582 5.629711365
3.867761435 4.871822354
3.872376037 4.398098262
3.891726735 3.968427193
3.901364299 3.655050915
3.915545657 2.985992708
3.916052716 3.399129143
3.920795738 3.166561115
3.930391092 2.845144476
3.934906661 2.540101858
3.935069015 2.623824854
3.935256364 2.731889621
3.944445798 2.275773706
3.944634041 2.351054801
3.944847404 2.449443486
3.948905695 2.046425202
3.949069207 2.100425546
3.949257891 2.171477213
3.949408851 2.227379844
3.953879984 2.007213927
3.960000000 0.

